d1 = 076.5;
a2 = 130;
a3 = 124;
a4 = 126;